camera_matrix:
- - 619.8621430619284
  - 0.0
  - 335.5495183892791
- - 0.0
  - 625.1698473132108
  - 69.03389113813365
- - 0.0
  - 0.0
  - 1.0
dist_coeff:
- - 0.08914327863993796
  - 0.6385305159533992
  - -0.012040231061889202
  - 0.006195226520539892
  - -3.3765770562332524
